351 GODSLASTERING -GYSELBERTUS DE TRAJECTO

Hoste 10 0011 (1401), 278ς- 1101101110, Willem 110011 101111,10311330
(1401),270; ·- 0111111001 van Vaernewije 10 (1011 (1402),270;-Μο1111)1 111
10111110100011(1402),379,280;-11110010011011111 10 (1011(1403), m -
11111 011010 10 0011, 28ος - 61111101 111331111.10’10101011031(15111), 213ς
- (101111 1000111. te Leiden (1513), 312 ;- 10 11101101 ,101101 1101111101 10
11001111(1317),201-200;- 011101110011111 Mees Symonsn. 10 111100
(1518), 312, 313.

0011111111110. 111101 101 101 1110110111 1101113110101 VI 10301 delente
10011101 (10131011,Μο110 en de 10111311, 10 Doornik 01301011131 (1307),
158,150; - 1031011111101101 3111310101 1031111001 10301 101011010011 111
00101101 de heiligen (1401), 218, -101 de 30111011010011 (0.1405)11 het
1011031011111010111010101111 11 101011011 werden, 288, 280.

(1011111 ’1111111111ηῶ 111 71111011οἰ11 (1)) 1110110), 101101131, 11011111
endere 1001101111 10101 111 orde 101 011110110111, 11 31001011 101111
30110011 leven 10301101100111101113101 11111011) (1305), 156, 157.

's 0111111101. 31111101 1111330110, 101 11001101 011111 1001 101 1101111
11011011 1103011 3011101101113 1010111013 uit Holland, Zeelend en 01100111
30101111 (1503), 203, 204.

0111001111 VII, 1011,101111)11001 10111011111110101) 101 Peme, 0101 11
10111011113 van Ramihrdus 10 Kamenjk (1077), 1.

0111001101 ΙΧ, pens, 11111 0010 bul 101 101 101111110101 101 3111011111
10 1110111101101111111 met 1101101 1101011 01 11110 predikheeren in 301111
1110111111( 10110110 10 nemen (1235), 48.

001001111111 (†1318),paus, 301011 101 11110101) 101 11111011, met 111
0110110111 oven 10 31001111 01 Zusters van 111 30110011 10111 (1001 1318),
100101, - 11110 bul 0101 1010011101101101 inquisiteurs ln de 1111111010
101101 (1372), 106.

0101111011. De 01111111011111111001101010110101 1111011011 op 10311
10 31011011 01 Zusters van 1013011010 leven (1011 1418), 216 ; - 11111111
110101 1011101101 1101101111 (1417), 227, 228.

0111111101 nn Ρ1111101(11’1’1101100οΡ011)’0), ρ11111111001,10101001101 101
pane, 11101110101 101 111 1110110101 koning en algemeene pauselljke
inquisiteur in het 1011111111 1110111101, 11011 001 0110110111 11 0110111
101101101111110011111111 en 10001101 wereldlijken 0111 101 111 1110110101
101113113111111 11 (1301), 53, 55 ;- 10011131 111 10111 111 30110111 101 10
11111111011101110010111011101110011 om als n'jne 301011001113101 op
1011010111101 0110100111 111 1111111010 Τ1110011111111(1307), 53, 51157)
-op nlJ'n 10110011 10111001 1101100111 3010111111 101 10110111 11013011111

Ρο10101001 10 301301001111101Ρο1111010 110030101οοί 0111110011 (1310), 01.

exsutamus 11 ’11111010 1111111011(0111010, professor in 10 3013110111·
101111 11011111 01 1101101001 101 110111101111, 11111 111111, 1010110011
,1000110 301010 (01 101 300111101 inquisiteur 001 11 10 1111011111 1100101
11110011, 111. (1400), 100, 107.’

 

