1

9199199919-1991991 911

19991119 IV, 9999, 99199931999 99 11999919 9199999999919999 9991199111
19399 99999199 999 1991199119 999911999999 99939119 9119119911 van 9199111 919
99919991399 19991911999 19 1191 1991919111 1199911111 (12901291 1), 310, 301.

11199119999119991, 99199199, 1199911991 19 99 rechten, 9919919 999 1191
3999191111191 19 11999911, 919 3919139 9939999999 (1422), 249.

111991999 99 Sam, 999-9199999 999 19199919199999 19 3999399999, 919
19 199119 39199199 9999 om 19 99999199199 99199919999 19 1191 191199399193
3911999119, 919191 99 99999999939 9999 99 199919119999 99 99113919199(1311),
31, 112.

1119919 3191999199 (Nicotaus 3919999911), 91999199 19 99 399391999911919,
1193991119 911 het Luiksche hisdem, verblljvende 19 het 1199991199119 11999199,
9999111 9191 grooten 911991 19 Numen en 9919199199 99 99199931 91199191
3999999199 9999911 9931919991919999(14121414), 204 ,·- 111991 91911 91911999
99999999 911999 9999999 919 19399 9919191119 1911999999 1191 1199991199119 99
Κ9919911199119 19 99991199, 91991 99999991919911 1911911199 19 91199 9999199999,
2111 ; - 99999119 2999911999391199999 99 99999139 919 191199 (1416), 199,
241ος-99 1119991199 99 99 19991911999 999999999199 hem, 91999 hij 399119
1199999 9999999 9999 99 1191 (19991119, 9999999 1111 19 (19991999 9999911191 (1418),
2111, 231, 232; - 9999999199 91199 99119399 19 1191 99999999 99 999191
99999999919 19119999919939 9999999193 91199 9199999199 1199991199 Kame·
911199 191 1199199139 9991999193 9111191 bisdom PariJs (9111399999, 919
999199999193 199 9999999193 9191 99 Κ991, 191 9999 1999199139 9991911193
19 1191 9939911199911999199 19 11919, 209, 210, 239, 24ος - 99 999999919999
9999199 9999199999 3999 19399 911 999919 19 9999999999 9999 1999119991(
(1419), 231, 232, 241 ; -911 9999999399193 99991 9999 999 9999 9939999399
999 999 199919991 9991199999, 232 3 - 9999911999 (199 19991999199911999119
99 999 (1199 999 Aquileia, 919 9919199999919 9119999911 1911999999, 99999111]
1191999919 999 (19991999 999991 999991139 (1419), 232231, 241ς-919’99999-
9999913 19119919 19999999 99939199999 99 9999999991 9999 999 1119991199
99 999 inquisitam· (1423), 252, 253; - 9999 Martinus V 99991 999 119199
9919399991199999, 99991111 hem strong 999999 999919999, 99 99991 11199199

99 19999199199191999 999 1199193999 8999999 99 999 999 99919919991199 999
39999999 19 (14231424), 2522111.

11199999919. 09399999 800999919999 9199 9199 19 11999911 (1349), 93, 1116.

Num. 99119, 19119919 999 99 99919 9991191999999 919999 99 99 91199991
391939 99 911 Β9911991 39199999 (14501490), 2115 ; - 99 1191199119 19991911999
19191 919999 1911999999913193 (1411), 238; - 991999 19399919999 919999
99399919119911 39999399 (1411), 2118.

1119919119. zie 1111991..

1199999999, 99 11911139, 9991119 1919991999 19991191111919119911 911 (99319
(199 121· 99999), 4, 6.

1191919. 119 1119991199 9199111 19 1199199311 1191 9999999999 blj 999 91999 999
19919113 11911999 99999 99 1919193 999 999 199919119991199991 (12311), 42.

 

