346 DE GHELLANOKENE MAYE - DOORNIK

111161116611, 149; -11111611116116116116116111111616 Lunx, 144, 145, 146,149;
-111 11611616166161616111161113611 de priesters 1616111661161, 116611616 .‹
11111111 (1374), 144, 145, -16116116111161 der duivels‚ die in 1161 1161166111 161 -
11611611 36116661 waren (1374), 144, 145, 146 ; -661116111611113 161 1611116116ξ
366116111111611, 146,149; -16 11611611661116 16136161, Η611161 61 161111136ξ
(11661161, 145; -16 Μ6611116111, 144, 145, 146 ; -16 (16111166111116611εξ
schepenen 36361161161161, 147,148;- 11 1166116161, 146, 147,149 ς-11ι
31611611, 146, 147 3 - 11 16 116161161161, 148, -in 9611611611,150; -1ιι
Frankrljk tot 661 Avignon (1), 149.

116 961111116111111 116111, 16 9611 1163611 36111611611131661 1161 161611
gebennen (1483), 280.

ᾗ Ι1111111(11611611)’11611).0136166110066616166111161616611 16 11661111
(13411),99, 106.

1111111116. (16611 (116616 (11611111 61 1611166161 om de 31661611 611111611
1611161 361166161616116361161611611111316111611611) 16 1611611361 (1661
1384), 15ος - 11 11611111111611161611 Radewijns 611661 116161 1111116 Β166-
1611 (6. 1384), 150, 151 ; - 11116 61 111116 1616111616 611661 16611111 1661116116
16161 161 6116161 windesheim 161161131 1636116116611111611113161 11611611)
(1395),156, 157 ; -16 16611161 61611611 611661 (1417), 227, 228.

111111. Ι16Β6311161 dier plaats 166111611161 161Μ6111, bisschop 161 161111.
11113611161161 161 11611611) (1324), 86, 87 .

1111111116. 01361661 60 9661616611 1161116116 11661111( (1340), 99, 106.

0161111611 (111611 1111111361, prov. Brenthe). 116 Α111611,6111 161
1111111361.

116111. zie 1111111111.

11661111(1611111,1161 611 1116611). 116 1111161161 Stephanus 61116611 1161
36111111( 161 het kerkeujk 111611161 11 9166116161 1163611 16 16111611113 161
1611611161 11 11131661161161 (11961197), 37; - 16 1111161166 61116131 6616
6661616116 bul over 66161 61161161, 1661 161 11611611 (c. 113111, 39; - 16
1111161161 11611611116611 16 1161161111( 16 16111611113 bij van 11661 161 11111113
11611611 6116116 1611113161 161 inquisiteur Robert (1236), 42, 441 - 16 (166-
1616611 1116116 36161161 61 116161 611661 (1319), 97-100, 10111ος - 1166611116
6116111661, 97, 102 ;-11611611611161116611611611116111111661, 11616 1111116116
(1661616611161361611, 97, 102; - 11611116 3116661116 61 1161116 1611166161, 97,
103 ; -36161161 161 11661116 9661616611, 97, 98, 99, 101, 102, 106; - 6616 116116
161 20 vrouwen 111116611616111611111611 6611611661 36616161 (1349), 99, 196; -
61161 16 1611113161 161 augustijn 116661161161111 11611 6616 116116 161
250 56616111361,116 6611311111 169661616611 1611661161 (1349), 99, 100, 110; -
1661163611161 wege den 1631111661, 161 1161161161 11611113 61 161 1161116361
16 9661616611 36161161 (1350), 99, 110; - 16 31131616 (1661616611 161161 hun
16316116116611161116611161 161 11661111( (1349), 99, 111, 112; -1616116111361
161161 (1631111661 16361 16 (1661616611 (1349-1350),112,113;- 61161113113
161 661 61161 161 161 1161161161 1161113 Ρ111116111161 valois 16361 16 (16616-
16611161 11661111( (1350), 116, 117 ; -1661116 16161161113161 161 1631111661

16361 16 0661616611 (1351), 141; -16111116116616166116611166611 9161161,

 

