230 ANNO 1419

rior, 666611666166 166116661 666116666666666166661666116666

1166611166 6161611111666166 1661166661 666 Aquilaja 661611, nat
161616166661616616616166, 6666116· 16 6666661661166 reconstrui
nitgesprokan 6661166166116611.-11666166611666 16 gameno
toadracht 166 6661666 11661666 Sarrurier 16 06661666 1661666661
166666 volgt 16 16161 666 161 66666616616111.66661111666666·
6616666 166616616161661666 tegen het 666616 va'n 166 patriarch
666 constantinopol bij 166 666616 166666 6116 gegaan. 0616616
166661616616 666 Serrurier, 1666666 zij, 666166 66 666166 teger 161
661661 inardere tegenda zadeleer in,n0g 661666 166 6616616 66616
1616166166 166 66666116 66666616611, 1616666 666 66661661661661
666166666 666661166 66 666616 Κ661 66166116666661666161166.
11666666 vragen 16 666666616666, 161 1616666661666166 66616, iij
666616661666166 166116661666 Verona ; aij beloven 166661166,
161 Serrurier 6161 666 6116 boetedoeningen' 661 66166666666 66
6616616666166 61616 661 6666666661 16666 16166661666606661666.
6161166111 6161 16661166666611116666611116, waarbij 16 16611661
666 Verona met 16 1666166166 666 161 666666 66611 661661.-
11666 6661661611661661166,6666161 hij 161661666661 166 61616161
166666 1666666, 666161161 1666666661166, 66 666 6666161166
16661 666 166 pana, door den kardinaal 666 Veneti& in zijn
planta 6661 6666166661. 066 661666, 6161 opgageren redonen 66661
1661666161 geding 611616 6666611116 1666616616· gebracht 66 666·
6616666 1666 6666 11661166611 666 166 166116661 666 Aquilaja
toevertrouwd. Daarop 6661 1666 1661616 666 66666616616111666
1666666, waarbij hij na eenige rechterlijke 16666666 16 161166
aangeduid, 116 1666 16666 666 nieuw 661666661 666 kunnan 161666·
gen, 6666 61116611611116 66166611 1666166 666631, 166 61616 666
zijn 666616166661166 16661116 6666616666. 161166 1616161
1666116 6666611116 66661116, 116 16 6666666116661666611666·
16661. Κ66611666 1666 661666116616661666 66 16 1116116661
66616611616166666616 6661 666 666 6666166616 661666661,
166616 1116661666 1666 66666166 symon, promotor 66 instigator
16661666 661666 6666661611, 66 6666116616111666666, 16 161
11666166 666 6116 16 Heiligen‚zijn gewoon verblijt, 166 11 Decem·
1661419,666 666616 611, 6666666 16 volledige 16161 wordtgegaran.
- Dit 666616, goedgekeurd 66 6616616616611666 666661116616
66616166, 666116· 66 661361666166, 61166 16661661666166 pana
aangenteld, 166661161666666116161 inpegere 666616, 16 constant

 

