PUBLIOANI - RENEN 375

1010 1010110011300110 100 0131011001 1001, 113, 113, 141; - penam
10111 (10 301111 1101 10110011) 10 101 1001111111 0110110011, 11110 11001111
werd 0130100131,111ς-ροο1110011ο1110000 100111) 1010 10 Bel. 122, die
hen 1011111101111 [1090110011 00 confram 000011, 133. Bij 31010111111011
men penam, peneum 00 3101111011σί0νο, 13), 131. - 1000131030111010100
ommam. ’

Ρ11110111, 1011010 0111100010100 1110010113, mannen 00 11001101, 10
01101110 111301101 op 1101 1001100111 301100100111, 1001100101 303001011,
10 0111 1113011031 00 100 100301300101100 (1101·1101),1,3.

R.

1111111110 (van 2111111301), 1110001100 110 10111, 101101311οο 1011101100
01100101 11101011 10 30300 (11731177), 12, 3235ς-1111311010110001111·
tus 111 om 11101011 111) 10 11100 sich 1011 100 ptus 10 310010011100111300
0001111100 0001103010 01110010 111110300ωο 10 10101 1011131οθ100, 13,
14 3- 110111 01 10100 (1) 01 10011 hem 1101100 1000, die humbert 0010101113

vernam (1111100, 00.

11111111001011110,10100 11010130100, 10 100 31001010 00 1001010 100
101 30010000 10100 3000113 in 001 0100030111 0011001 (1338), 118, 171, 180 ς -
110100100113 011 130011003110101 10 (1000011110 (1343), 133. ·

Rm 1111 111111 101301011,110111100101010 11301101113100 110 101
0131011111110 10010110010110010010001011001 Hubert 10001111 1001Ι
1111101, 010 01 001 10001011011011 0010110011 10 10 0101100 (1471), 313.

1110111111 1111111111, 0101011100101110 verdun, 110 0111 11001111 10011
0101 0000100100100100100011101101 00100110010110100 inquisitam* 111
100 0031011111 010100001 101101 (1413), 243.

Rama (0011111101 m 0101). (10001110 111101 1001 0101 1111300100 111
30100100 (1148), 24, 23 ;-10011101)11001100 wfflem 00111031 111 Stephanus,
1100100100 Doomik, 100 1111, 3000110010 1010111101 0101 1100010101
10 101000, 1103011010 10111011103101 1011011101 10 111 3111100111) (noe-11⁰7),
31 ; -1010110111000110111000110 110110111110 10111111110311]Ι 100 01001 (111
11111113 1011010 0010110 1011103100 100 1000111001 1101011 (1238), 41, 44;
-1011110110001100 000011 0111103010 1001 000 Ι1101001011 00001101030110
’1010ρο11111οη 10 300110 10 houden (1311), 35, 36ς-10 10 3000101310 pro·
1100101101ωο 101 10 1110001101 011110011110101110301000 0010110011 11010Πο0
1101 10 3011011001100 01 1011010 100 0110 parochie (1408), 134.

11111111, 1110110110 Ρο0001301, 30101110113101101003110001100 1100103
met 11100 0010100 in 101011 101 1001001103 01 1011013103101 Tempe}-
ridden (lm, 52, 54.

1111101111011000111, 1111101301, 100110 0011010000 10 11011100111103000
1111ηο33011) 10100110011 101 0000 01001010 100101000113 10 10 processio

(1456), 011, 010.

1110111. 1101001011 101 101 30010000 10100 111001 1001 den inquisiteur
Jacob 110 30001 1010011101 (c. 131334), 153, 151.

 

