11911111911119 11991111111191· 111

3991191311911, 1191111) hij 1911919911991 1991911991119,9119119111111911
19 31319 199 19191911191 111119199119191 zone 19119111 19 191999 19911-
11111139901751177), 13, 11; - 1199911911111191 99199 111191 1911193911 199
191 pens, ¹⁵·173 -119919 1119911911111199 11111911 991 191 9111,1133; -
9191111113 19119911911111111 11911911 991 191 pens, 33-33ς - 19191119 199
1111919199 1991933111191 1v den Schoone, nijne 39191119133199 119119119919
11 19 1911911911913113 1939119 Tempelridders (ml), 53, 54 ; - ander 19191
111 1911911199 1911113 9191 191 99919119199 1111919191 191 1911911919
Tempelridders 111191991111119 91 9191 191 11111911 111991 1911131399
(1317), 53, 54; - 19191119 191 9911913199 1191111911 Willem 111 Ρ91()1,
391191119119 19911111911191 11991911 191 919111199191, om 111 11199 39191-
19191113191 op 19 119191 11 19199191199191191 1911911919 ’19199911111911
(1317), 53, 53, 57; - 311919191911119119 9191 1913991 19 9139191111319 11911·
11191119919119191111119 9191191191 191 99119119 191991391911919 Tempe]-
(1119119119111939119391919111119391 1919119 111191 191999 hebben (1307),
53, 57, 593 - 919991-1911111 19199191111311391111 39111391 911911991191
1991 1911911111911119 1919 191 1911911919 ’19199911111911 (1303), ι3013ς -
9199911911911 19119199191199191191919911991113119 Μ113119111Ρ91919’1
19111911391911111, 9111911991 111 199 11391999999 11911111911 Willem 111
Ρ11111 199119 391391991191 191 Parijsehe 119939191991 (1310), 63, 643 -
1919911991193119 19 9119 191 Tempelridders door 9111 (1191191111 (1313), 07-
70; - 1919911991113191 19 (19919111119919 1991 pens Clemens VI (1343), 133,
141 3 - 1991111119 19111119199111 1991111191999111139 3911139119119 91
1911191113 1111911111919 111911 111391919191 19399 1911911991191 191191
Jacob 0191191 (1355), 143, 143; - 91911191199 1939119Ζ11191111119139119999
19191 111 1111991191 9111339119 91111199, 1139199191 11) 191 1191111911
11991111 399111. 133304), 153155ς-11111191191991199 1191111191111 119
1111, 155, 15ος -9911911111191 (191119 91 191911191191) 1991191 1191111911
119 19 39111391 op 19 193391, 155; - 1911119919 1919, 1119111] 1111199111919
,91991919119111 3111911919 11991113 11111991991 (19 19911391991131911 91
19 39111191113919191111119191 31991911 199 191 39119919 1919133115), 151
’,58 3 ·- 3191113 9911991 119 3191111111 1199919191 191 S‘ 3111119111911 19
1119911, 9191 119 Β1991911 99 3111911 19391 (191 1991111911 1113911911131
13371), 153, 161-19111991191111119119919111919311111911911911 119191
,19119999 19191 9139311991 1939919 1911999191 91 19 1911111199 119 99199
111911199191,111111911111111191 1191111191103371),167133ς-191119911911111
19 99999 991919119 191 311119 19111991911991111911 191919111919 1191199
egen 11199 19113911 19119111119111 (13371), 163-173; - 3111113 9911991191
1111911, 111191 11111193919191 19 3199191199 1111911 (1337), 171176ς -
111991111113111 1913111113 9911991111 9911 1991111119 1919111911919 91
91919391391991191 191 39911911191191199191191199 9191 19 31991911 99
911911(1338),170-180; - 19911933193 111 111 31111113 99119911991199
191911911191911 199111119111(119 1338), lan-1843 - bonel 111 11919111 111
31119119111,111191991911 11119911, 1199111] hij de 1111911113 99 levenswljne
er Β1991911 99 1111911 399119111(1401), loo-19& -1919911991113 119 191
9119119199 91191191119111111 01999191 1991 191 11119199 119 3991911
1417), 303303 ; - 1911191113 (littera 9111393993) 111991 11191 (1417), 303, 21133
- 1111 3911131911111(991119191111911111199113199919919)9139191911 1991199

 

