1611611111 1110161011-10611166111 1111116 61

summ nmmom, 1611116116 3616113616 166 16 16616161 1161161161,
16 00011111 (1400), 204.

10111111. 110011633113 161 ,1016116616111116 0161 hunno 1611613113, 08,
104, 101ς - 1111616 10016161113611 1161661366116,133, 131, loe3 -111116
36166116Ιῇ16 1111061163 in 16161611611611 161 11116 161· 0666616616110616
(1349),101, 133, (niet 16 1111311011 1163611 ’6 1161661 16601611113) lm, (3116116
1011111111 10611161160011), 131 ; - 106 11) in 16116110310113161611 c. 14⁰5
1611611611 1161161131, 287.

30111116, patriarch 1611 001616111101161, 16161 66116116661101 1611 1101611,
10011161 1136111661 00161116 16100161611611 1001116111116 V 6613661611
1016136166161 1161161611 163611 16 6611613616 1611 11616161 Iius (1418),
201, 131332ς-1611116 0011616111 1161 1611613611113 16361 161 6131161111 Nico·
1666 8611111161 (1418), 201, 101, 161-11111 10111116 16361 hem, 218114 3. κ
161 110111 1616111131 16110161061001161 1161111661 161 16111616 16 161
6111161 1611 1611616616361113 (1419), 231, 332, 331254, 255.

3011111116 xxn, 1616, 166111316616 111 uit 161 100116616 161 16611136·
1001136 1163111611 (1318), 7114 ; - 11616611 661 16 3616616 3666161111611, 16
31161616 6111616161611 161 1161161 116361161161161113611 11161616616116116
1611611611 16116100101611161611 161001166116 1163111611 61 alle 1611013113611
teger hen 16 61611611 (1319), 77, 783 - 1166111 16 36311161 161 het 1611031011
11161611 011161 runo bescherming (1319), 78, 79; - 3616611611 1161111611 1611
1161111616610116160611 161 311616 161 16611361061136 36311611 161
1111 11110111 (1321), 00, 81; - 3161661161 11666101 16111111 11161 161161116
0116110611 in 1111 11610111 (1324), 85.

1611111116 nr 13011116(.10110011 Romal), 106101 in 16 30136166111611,111611-
6116111616111111661611610111,11 116 1061611316111001 16 Ηο636661001 161

161161 61116111 (1471), 209.

romum 11 ammo (van 6111), 1611111116 rarus, gorgereerre rer
Parijsrhe Hoogeschool, met 6111616 6111136100111 1001 161 inquirimur
geraadpleegd 01611611611661113666111111161 Μ613616116Ρο1616(1310),03.

1011111116 1111 01111601, 1161661161 161110036661001161 Ρ61116,161οο116611
01610116 6611116611 163611 16 31061616 61 2161616 16116136166116 161611
16 06161616 (1418), mm - schrijrt 6611 161 1161111661 1611161016 6161
16166611166111 (1418), 222.

,1611111116 rr 1111001111,111161, 6611 161 16 66116611616 16100611116616
0666616616 (1349), 03, 104.

1011111116 nr 111111, (11166161, 11631616111116116116,1016116161161366616·
11111101 te Doornik, 616 3611136 6136106161 (1422), 346.

1061111116 111Μ110111611116,160061611616 in 16 301361661111611, 3611136 in
eene 1616 16 Keulen (1409), 101.

1011111116 011 Μο1111, 1106111661111630136166111611, 3611136 11 6616
6616 16 Keulen (1400), 101.

,1061111116 011 Μ1111610011631161111061113111 Joden 6116 3666616616·
110616, 03, 104, 105.

 

