1111111 11011101 -10111111111 101

100101113 10100110011 101 1011001113, 1101010011 01 3011110010 (0.1410),
310, 311.

11111111( 1111111101, 1110111101 110111110011100110 0101011,110110111)11 1010110.
010110010 0010 op te 101110010111101)Ζο0110(1110),107,108·,-110110010
acte op te 1101101101 (1101),100, 102.

10111111( 1111 numum. (1010011111 101011011 1101 11101011 ’10111001 (11111), 50, 00.

10111111 11111( 0111101111, 1110001101) 101 11100110, 101110010130111001
1110 1110101 101 (1010 Martinus V aangespoord om 1100111011310301101
1001010111301 1101101 1110010οε 801111101101101101010123), 252-205.

11111111 11111111 ’1111101101 00111001 111405 een 11000 vander 10010110
010010011οπ der 110110 0011101011 van 31000111, 280, 201, 000.

1111111111 111( Locum. magister 11 artibus, baccalaureus 11 10 3013010011·
11011, 301011 101 Ηοο300011001 101 Ρο1110 op 1101 0130110111 0010111010
00101011, 011010010111 01 1101101101 1011010110111010, (110 11101101 10301
Matthaeus 010οο1( 01 101 1001100101101 31001010 01 11101010 1011 1013010010
10101 (11101110), 208, 220.

11111111( 1111 Ρ11110, 11011011011110011101111011111011110.

0111101011 (11001101 bij 2100110). 1111001 110111 0010 1010110010 0010 101
3111010 101Β1001010 01 11101010 101 1101 30110010 10101 0113011011 (11110),
100, 108.

. γ’,

111010. zm 11100111.
. zu

10111111. 0001010010 111111 3100100101) 10 1101101 (1110), 1211-011111101 3
0113301111. 10 ’0 01010100301103010 3010110101113 uit dit 3011001, 1111301010
uit Ηο1101101 1111001011 30001101 (1503), 203, 201.

10111001010110111113 101 1101110011 10 30310100101111011 (11701171),
21, 20.

1011111011(Μο0). De Βο311101 dier 110110 1001 11011 1111101 110111110-
schop 101 11111, 111300010101 101 11011011) (1321), 80, 87 ς-1001 10110111017
0000110111 11 111110 30010101 10301 10 10110301010 0101010011 101 ’110101
(1335), 301, 1112.

 

