‘AANGEHAALDR HANDSCHRIFTEN EN DRUKWERKEN. 819

91. 071666666616617676 16 11666616 16 7667677676 6666. 22166166, Parljs ,
17281848.

92. 11. vnn 1116616, 116667 916661661166 9666666616 11611661, 666 1661661
66 1166666 666 16161661, 1631666616 met de 666676 66 661616 Β616666 van die ·
16616666166 66 6161136616 met 1661661 van onze 9666616166 11666666 166616

van 1861666667 166166, 161166 17181756.
w. 11166666 6611666666, Opera diplomatica. 1 166166, Β666661 17291748. .‹

9116166766 1666166166 96166666, 1766666676 9666166666 6676676 6667
7661771 61 Vemmeling van onuitgegevene 6616 61661666 66 6761166 botre(-
76616 16 provincie 9666177866, 6666663 6666616661 16 66663676 711166 ’66
6161136616 met het 1667616 166 6666116616 66666. 7166166, Groningen 18281880.

95. 1. 16 86161966616, 1666676966661177666166 6166766 1666666616 11166-
166. 966118481816.

96. 1616676166 dor 6761 9667, 7111661 666 166617 666 7161666116, 6113636666
1666 Julius Vuylsteke 66 1166. 16 Pauw. 8166166, 966118781881.

91. 1166.16Ρ6666, 16 6669616166 der 6761 96671616 xlv· eeuw. Gent 1885.

98. ’16911116116666 8666666,1666676766 166 66617666 16 876666. 7 166166,
Bmgge 1871- 1878.

99. 9. 9.11666661667,1666166666161666676676166 6661666166 66 1666161166
666167 166616166691. 166666161761166667617, 1666676616 op 1761666-
616616616761167 van 11661666.77166166,116661716111187066 1877.

100. 817.666ι6666611 86166166661666 96676166616116166 16 86767 Lam·
bort 16 Libye. 96611, 8666661 1898.

191. 11. 166166166661,16766776 6661677666 166 6661666 6667666166 6666666
ἀι 16 67116 16 1666667 (13861722), 661616 d'une 6661666 16 documento 666666-
ιι667166667661716171761700,76 66 mmm 66 za 66666 Morsque 6
2777766766 16 166666116611111, Doornik 1861.

198. 96661716, ,4667666 66676666 666 1771161666 1766666666 16 16 67116 16
666666616661666)

1118.1.Α.17616,1)66616766661766 166 6761 1166166617 66 666 1616176666166 ’

666 1671161661, 16 16 1166166 166 6666616166 767 6779666 dor 1666666 666
167 6616 661616616616 66617, gevestigd 76 11766617. 11· 116616, 11r 1. 8 166166,
’6 9766661636, 1889.

107. Ρ. 1. 8161, 16116616 7661761666666 67716 6111616666, 1616661716γ
11616611· 1166166676. ’6,9666661636 1884.

lm. S. 1161166116, 1167 1661761661 666 166 11676 666 11766617 1666 Μ. Hugo
1167166,1616661716 1161666118. ’6 9666661686 1895.

106. 1. Β. 96666661, 16166666 767 16 166676 666 167 6616 6766776617 m
716616666661176616616 611666666661766366666161166. 96616 666-
666616616617666616671885.

1811111 Ph. 16176, Bibliotheca 7677767 (1777777

 

