ANNO 10401310

1115 111 1116166116 11611611 6166611 66116, ·
161 3116116661, 16161116 16116,
die op Gode 11611161 6111616 31661,
161 11166166161611161 161661.
Dion songhen 61 11. 161611,

1010 161 1666116116 6166116161611 ς
ende 61· 6611111611 6116 11616,
611 ene 11161116 11616.
11116 11611 6661161611 61
op 11661 11111611 (116166166 1111);

1(Ὀὸ 61116 16111611 61 met 61161
6166611116 161 6611611 1611611,
1661 16311611 61 6611161 116611,
161 16166 116 66116 hiet 61616611.
6166 111. werf 1166 31161666,

1010 ghingen 11161611 pape 66611,
116 111 11111161 116 1166166 61661,
ende 1161611 hem 6116 6111611 1661,
61116 hi 66116 hem tghelove 6161111661, ’
61116 6166116116116 11616,

1015 6616166111161116611111661116 11161.
11661 1161116111, 61 6111116161,

1161611 66 611611 1116111611
1661 (16161 661161611616116616 11111611,

ende soe 61661166116111661661
1010 1611 61 11661 66111611 61661.
Alsa 61 dit 166 11161666,
ghingen 61 1611616 pape 66611
6616166166 .1j. 6616 11. 1166116611
61 11116116161116111611116611,
1015 666161616111161161116611161161611,
61666 6111616116 611666161611.
11661 ghinghon 61616 1166116
1661 (161 11661611616166116,
61116 16611611 met grooter 11661161
ww (1616 61116 011661 116161 11661611
11161 1161661166 66111116 (616 16161616)
611. [j. 1616, 6116166161 116,
61116 1161611 op 0616 met 6611116616,
1611166 166161361661 116616.
1035 Ι)1116161161,6611161663116,
1166161116 6111611 daghe,
ende. 111611611611 11116611.
011 1166116 wel, 116111 16166611.
Si 611 1166111611 116666111161 goat,
1010 116111 1661161616 616661661;
1661611666111611 61611 1611161 6161
61611611 31161611 11661166 bat.

 

