348 DUITSGHR ΒΗΚ ·- EYLARDUS SOHONEVELD

11666666 aux. 06161666 (16616116666666131636166666666616 1611163 666
066661 666 11661663 66 11166 1666 1616666 (1931), 40 ; - 166 tude van 6666
clemens V zijn de Begijnen 666661 6666661116116116611661,73;-(16 Min·
(16616666666 16116366 6161 666 6666 Iohannes XXII over 66161616616663·
(166166 06116616 166166, (116 (16 6666661661163 66 6166161163 (166 Beg'u‘·
nen, (16660166166616113666661666,6611166 166666666 66 (16 Β6666666 66
1661666 666 (166 1166166 116361 666 (166 heiligen Franciscus (1319), 77, 78 3 -
Iohannes XXII neemt (1166 1166166 116361 66166 atine 16661666163 (1319),
71, 78; -611116116611661 166166 (16 9666616666 naar (16 1166661666660349),
96, lm, 190,129,130;- 9909 96116616 0666616666 16 14613666 (1666 (166 6666
66336666166 (1849),98, 105 3 -uit Duitaehland komen de Dansere 6666 (16
116666166166 (1314), 144.

Ε.

116666 66 Ρ66666666 16161, 161 6111113 (6666 161116366166 66666666611 16
(1661663666 3616166166163 (1480), 919.

11666666 (11661166). 06366666 900 0666616666 (116661661616 9666611( (1349),
93, 103.

1166666. 06366666 50 (1666616666 dier 616616 16 11666611( (1349),106.

866166016666616660) van 0116666-0666166616, 6666616166616166611116
6616116 (1394), 83, 85.

Ε(666Β66661(Βν(1166-1611166(1). steven van Pospo, 361666113 666 (1666
61661616 Leuven 616 1161166 66666131 66 36616611 (1666 (166 16661611666
Hubert Leonardi (1411), 963.

Euae, door (16 661666666 van 161166 663666 1611666616 6666166 16116616-
(16661636666666616616 (6. 1315), 304.

amaeam (166166 01666, 666. 1166166616). Vier edellieden dier 616616 16
Ρ666666 (1666 (166 166616116661161661 66616661 (1935), 41, 43.

1866666116 11666666.

Ε666161668161666, 1116616, 6616616 666 161 3666161111( 161 16 11666611, als
3616136 6636666666 (1499), 946.

1166666666 11666, (16166 (166 81861661666116611611166611, 3661116366 (166
16661611666666 3666113 6661661 6666 (16 levenswljze der Broeders 661661666
666 1613666666 leven (13911), 159-166; - hij 61611 666 66666666611111 166
366616 (1166 1661666 6186311666 66 ,16366 (16 6666166666 66 (16 6611611166 666
66666 16666 61166666, waaraehijnlijk den inquisiteur (1391 1), lez-1003 - ver·
meld 16666 3666113 6666661 666 andere godgeleerden (1308),177.

Emmaus 16166 666 0166666161, 1166666111, 116661 16 06661666 16366

Matthaeus Grabow en 166 666616616666116661666 66 1661666 666 het gemaene
leven (14131419), 998, 999.

Eamus 8666666666,666(111(1666 66 1666161666, 66666131 (1616161666 666
161366666616666160166611(6.1394),181. ’

 

