414114 1444, 1444, 1444 411

114344, evernide 11143144, 114 41441 41414 141141 444144 41441141, 444 1441141

- 34144111 444 conexi 1141413441114141114141 144414144 1141444 1144414144. 11
144 4414144 444 411 Willem 1111141141 4433444 ι 14 heb Gode 144 1441411114
31411441414411 1111 41141411144 11411144, 341114 14141114 14141411 11141 111
14111 1441 4414 11431441 141141 genade 144 (1414 144 1411411144 114111 444
441 Willem Duyker trecken 141 11411441, 411411 (114 paena 14, 4414 1411 4411
11414411 1444 4414 1411 4114 11144114 14144114114 41114144 144144 11411144,
alane 1141411441. 411411, 4414 144 3441 1414441 114 41414144 141144141141
1141344, 44111 114141 1114444 14141414 144 141144 comen 441, 4114114 1111ς
41114 441 op 411414141411111413444 11114144 111 4414 44444414314 44441
14414414, 4414441 binnen 141 11411144 4141444144 4114114 1111. 11414141111141
Willem 11111141 1411441. 1444 4414141114 1141114, 114111· 3441141144 14411, 14
141141414144 441, 444 44111144 armen 1414411144 34144 441 64414 1111144
144411411111111114141113.4411144, 14 11414144 11114144 111 4414 1441414144144441
44114114.

pai} 11411, 14114414 rechtebrcnnm uit (14 miadaleeuwen,

14414411-4441).

1444, 14141411. Verocrdeeling door 14 4414114444 411344114141
1434101414 11111414411143444 1411414411344 141 141 184414-
, 14441. - Hij zal 444 (14 11441( 3441411 worden, ziJ‘ne rechten hand
441 worden 4134141141 44 144144 141 hij eene 14144414434 1141-
1143441141 111144 141141 44 41 14 144144 144 411444 14414443444,
411 14411141.

1444. 041 4141111114 314144 441441, 114 clais Willemsn„ 114 4144 hiet 01414
&acm 14144144, 1411 144 Η4111344 sacrament 341444 heeft, 141141131414411
4141 44 4144114 11144,11411411 444 441 (114141411441. 111· speciale 314414 op die
1444141444111411144144341141444141344141 4414 144144 114 1114 4144 441
4144 1441 411444 4114 14411411441; 44141141144414 441 (11414 141144. 1411-
441144414134144441414111114144 binnen 11114 14344, 4441414114 hant
4134144414, 414141414144141144 3444, 4414 114444 echte 14344 1411444 14
114444 111 4114 141144 344. heren landen, 14 bliven 141 4111344 14344; 411
4141141111.

’ P. 1. 111411, 1414144114 rechabronnea 1414 de middclecuwen,
1114. 74.

444 (1441-44411).

1456, October 19, 0411144111. Verccrdeeling 1441144414114444 ’
1134114144 14344 Remijs Weaaelsaoen, tot 4444 4114411414 boete-
1441143 in 14, processio 1143444 14114144141144144334111.

 

