comm LONGE - ohnsmts 845

nuk en 444144444111444144 vnn Keulcn mitngnders 444 14444 suffraganeo
444 Luik, Utrecht, 444. (11140), 140, 141.

com-nn 14444 azias 11444444, 14 (1441 443444 341144144143 4444 tien ⁸
jacen 34144444 (1484), 280.

0444444. 1141144444.

04444144114444444, 4444144141 cn synodon) 14344 14 1411444 34144144
1444 Innocentius 11 te Lotcrnen (1103),7;- 1444 1143441441 ΠΙ 14 1141444
34144144 (1148), nt, 28; - 14344 1114444414 14411444 14 041441 1444 14
11444144444 met koning Hendrik 11 34144144 (11601161), 8; -14344 Lenn-
144114 811344 44 41144 4441443444 14 Lnik 34144144 (11751171), 11, 12, 13, 18,
lo, 21, 22, 34 ;- 1444144 4441411444144 1114144114 14344 1414 14114443444444
14 Τ4144 34144144 (1131), 40, 41 ; -1444 1141441, 4441411444144 444 Raima,
14144 14 844114 14344 14 144441111444 14 houden (1311), 65, 66 ; - 0. 4. 14344
14 ’144441411444 1444 4444 (1144444411 14 vienne 34144144 (1312), 61-’10 ; -

door (144 4441411444144 4444 41144 3444141114 provincie 14 Reims 34144144 ’

4444 141 44444444 (144 3414441441144 44144114441414144444444114(1408),
184; - 1444 pons Martinus V 14 Constant 34144144 (1416), 202.

(14444444 44 Memnonen, pousehjke inquisitcur 14141 14114414 11111, met
41144 14441414444 (144441441444 4414144444 144443444441441 (1231), 40.

04444144. Op 14141344444 6444114411444 worden 14144144144141411444
44 4441441144 44444131, 4444411114 14 4113441114 1114414444 844444144 (1418),
2114216ς 44 14 4441111444 Matthaeus 0441444 (1418), 211220, m

044444 44 8444444444,14 8444441 144 1441 gebracht, 44414111) 14144144·
terlfik 4411444144 recht 4114414414 (1417), 203.

(1444444 none (1144111444 bij 14114). 1144 4441444344 444 144414411484344
44144441444 14 444441314344 444 144 411 dier 414414 (1115-1117), 16.

(1444444444444, 441444 naam voor (144441444403481850114 14 1144141414
414144414414344 144344 41]· 14114 namen, 1¹53 - ook 14 14 44443414144 144
(14414414 441444444, 118. - Zij heeten 411444 commedere 14 141 Boeo nan
der 11441444,121 ; -141444444144143 444 141 0411443 14 (1441 14344 14
’1444414 (1444414444 (1400), 18ος - 44 14 14 vijttiendeenwsche 1444411144, 138,
186. zie ook Ρ444444444 44 8444444444444.

D.

11444404344444100444414444 1144 414414 14 11444411( (1348), 08,106; -
44344414 44344444 (0044444444 (1340), 98166.

1144444 1444444.14141144144414441444444 141 4444 341114414 44444414411

ἑνιέ34ἐι143 141 41444444 44 1414411344 444 444 0. L. Vrouwenhceld (1518),
, .

11444444 (ommonem 1444414444), 4444 44414411444414, 114 14 14114144-
144144444114(1814),144-150; -41111411441144144441144144 44 11444 noan
444434444144 44443444411, ’1441414144 4443, 144, 4444441 44144444

 

