011111'1118 111 - 01111111118 vl

0.

01111114 ΙΙΙ, pana (41111411111114131 141141141114111141 1111144141
11144141 1411141114343114 441 411441111οωί11 uit 1114114114· 141 11414314
(11751177), 9; - 44111111 441 141 1111144141 11444111 1141111114 41 44111114
geestelijkheid, 141 14111411 11411 1641141 paus 1143 1111141 14411144111341.
1314 3 -vljt 4411413414 141 14111411 beschuldigen 11411 16611411, 141 11
1111141341 44111111 44141414414 3411134114 14341 14111411 3441141411 141
141, 15-1'13- 41114131 441 1114414 4114141113 414414411111141 14111411, die
1111411411414114141114 41 14111411 34141141, 1313, -11114131 141 1141
441 1113411411141114414411111 4141 al zijne 141141134123-31ς-141114111
’ hem 4144111113 441 11411411) 41 1411111411 1441 Luik 141113 (1177), 31, 33.

01111411114 1111111111.

0114111471111111114, 1141411141 stad 04411111,14131 141 141141 (11114
Μ414411141 114131 hem 11141144111141111143414134114 (1423), 304.

0111114111 Ρ11111,114114111 14 11144141411441 14114113441411411414111113
34141141 (143)), 265, 300.

011441Β411111111,141144114 341413414 vande 44414 14111411411411
Doornik (1410),234.

Omma, 414 4411141341 141 14111411 1434314 1414411141 nun 3444141111
41111 41 uit het bisdom Luik 34141141 (1175-1177), 14.

camma-Mnus. De inquisiteur Robert 144141 11411414 1411141141

(1131), 40.
0441111114. Zie 1111411114.

0111411111 111 1111141114 14 (1411 143414 341414414113 1411 1111113 (4141
34141141 (1401), 310.

01114 1111111141, 341431 Glak (11411941ιά41, 14341414144113113111 het
1141113844141141114 beiden 44114114113441411,141141141341ο11141 41
1414141413 34111141 (1444), 311. ’ ,

(11411111411414,143411114111411114144141 1141113 Philips 1v 1413411114
1414411 14114 1411113113141 (1411414414 Τ4111411111414(1317), 5455 ; - 141·
1411441114 1114 414 1141141441, 4414111414111411111414 141 4411111341 dage
4141 1441114411111111341 over 11114 441344143414 1411111341 (1313),1470;
- 114114414 bul 1ο11141144111141Β4111114, 31441 141 7144114141,1141 14

441344143414 1411111341 141 ’14111411111414 111111 3411441 (1312), 70, 71.

(1111111114 VI, 1414, 1141111411 411 14 bullen 141 Clemens V 41 14111111-
nes 111111 414114 34311141 41 441 1411114114411 der 1111114414 Β4311141 door
1144411411 Α1411 141 141 1114111 (1343), 05, 06; - 1414411441114 (1444414414 (13111
, 111, 111, 114, 114, 144,114,144,141,111,131,113,114ς-11114111 4341 de

0444414414 (1340), 141;-11)14 111 14341 de (1444414414 14 11111111 alge·

(11411131 (1310), 09, 11ος -14 31134144114 1144111411 141 Ρ411)4 14111141

11111110111414141144111314114441114 1111111341 (14111111

-hu 14111 1114 14111114411131410444414414 441141114441141141 114111·

 

