mmm EN mmm xm

. 111 1308. 1111011011 101001 110011101000111 11011οἱ1011 1030100
31010010 111 2101110, 181085.

1. 1400. Μανία 0011 1010000111 1110011111011011001, 188.

1101. 1101111100 0111011011 01 011010101011111 0011, 10 11100-
111011, 1011100 011010131101, 188190. · Ι

1101, [10111000110 31010111 11 2111110 101 101301011011111
0001 001 0110011101οη 11000101 1110011110131011011·
10111111 11110111011111110 30103010110, 190-193.

01406. Maria 00 30103 01 010010101111 101 3010111011 bij
Luik 1010001110110110111, 193194.

1411. 80110011113 101 11110111011001111, 198.

1411. 111 101101 1100001110011100 uit 310101131101101, 198.

1412. 110113011311111101 1111011101 10110100110011101111 10 11001·-
111, 198-199.

01416. 110011000111111 1101101111, 14111011, 1100111111 Το1·
100110100110111310 0011013010 101 1111010010 1101-
0101111301 0010010111111, 411111011101, 3133111001,
1111, 1001 30101110 bijeonkomsten, 207.

1416-1424. 1111013113111031101110111110101 01311101 Nico·
1001 8100111101 10 11001111, 10 00101011, 1011010100 01
1010100111, 199, 200, 204216, 229242, 243-247,
252250, 257-261.

1417. 110 1111010010 [11100101 1110110νο du Orooquet 1011001111 101
0011 1000111011 10100101110, 200-203.

1411110101101000011101 8000001010 10 3101001 1010000
30111011, 303.

141814101111013113111 11301 001 10110110111 1100111101
1101110011 0101010 10 00101011 11 11 11010100, 216· 229,
3951111013.

1320- 110 101111111 Μο1301 etha de 1011011110 10 0001111, 243.

1423. De 101111 omis Mersaulc 10 11001111 10110130 0110111010,
247-252, 304307.

1428. 001111010011 1011101101 Thomas 00111010 11111110, 202.

1420111 101111 Jaequemart de Blelzaries 01 11110 0011013011 10
11001111 10111010, 262, 308, 309.

14301111011110 Willem du Bos 11 0110100 ck 11 0111011
000111111111010, 309, 310.

16011440111110101103100 1111100101. 10 111001 1113110 3000·

· 10111111330011011, 310, 311.

 

