Joos 3001111- 1111111111,1111111111111 363

16613661161161 6116111111. 111 11111, 161 1111131161 bullingschap
1163611361111116111316166116611 te Gent (1480), 212.

,1661 1116111116 ven Aelst, 161161, 1611111113 111611111113161111 1163611
361111111111316166111111 16 (1611 (1480), 272.

1611111161, 1111161161 111 Ρ11111, 61111131111 Gregorius 1111 6616 bul
61611116111111113111 1111111111 16 1111161111( (1017), 1.

1611111 1111611111, 111161, 1111131161 1111163611 111 16 011166161611616161,
6111111111) 16361 (161161611ιί1 (11611611 1) 3611111611 hed (1336), 94.

1111111111(06111161). Gregorius v11 11611611 aen 161116111111116166111
Parijs, 611 6116116611 11 16 1161161 61611616111111113111111111111111
111111 (1017),1;-16 inquisiteur Robert 1111 1111661111 1111113 11611611
1611111161 (ΙΝ), 42, 4346, 48; - 11 1111161161 06111161 116611 die 161-
branding 111), 42, 43 3 -116611111111111 111 161 1111161161 111116 36311161 111
1111661111 met de Kerk 111166161 (13111), 711,80;-1611111611111111111161
111 161 bisschop 11116111111161 de 311116116116 36311111 111) (1323), 8183 3
- 16 1111161166 116161111116111131116 1111111111( 111161 16111111111111 (1324),
8385ς - 16 1131111111 111 1611161 1611111361111113161 11111136111611111-
11611 11111161 hun 6611661 1116111111 6161 16 0661611111 (1310),115;-
Clemens 11116111 11116 bul 6161161116611661113111 (1661611111 een 111
1111161166 (13411), 130; - 11 111 11111611 61 11 16 61111336111 1611 311161116
116111611161116 11611111 (6. 1417), 1011 3 -de augustljn Ν1661111 8111111161
11111111 61 1611611616 1611166111 (1410-1418), 1011237.

11111111161113111111111111111, 11111131 1636116 1111611111 111 (161,
Jews, Maria 61 (16 heiligen 111 61161 uit, (111 te 11661111( 1611111361611131
(1337), 158, 159.

m (11.16616 cmm). 01361661 50 (1611611111 dier 111111 16 11661111
(l >2 1 ¹

1111111111,11111611116111 1161111116 311336 1631113611111161113 161
6111131113 61 161111113111136 11111131611116166111611 (1491), 271.

11111111. zie de 111161 16111611 11 16 Chronolequ'sche 1))’11 van 11611111 en
16111-111 in (11 Nederlanden, 1611161 16 111111113.

Κ1111116111111111111111 (1111611136 613111 161).11611161116166111111611
111 1111161111 1113116(11731177),10, 20, 21, 2831 3 - ven (16111611611611611611
(1131), 41 3 υ- 111 11 Tempelridders (1³07), 55, 58 3 - 161116 61 1111116116
1611611616 11111113 1116113611111111161 116163611161111113111 11113116116
Ρ61611 (1310), 64, 65 3 - 1611161116 116111136116136111116161 11116 0611611111
(1343·1350),105, 133131 ; - 1611111616 1161111311 11111661011116111116611111
6161 16 heiligen (13111), 142, 143 3 -1611661116 11116111361 61 1111111311
1663616116161 111 16 31661611 61 1111611111 1161 311661116111 166116
111111116111 (1334 en 1613. (1111), 153155 3 181184 ; -116116111161161111361

 

