358 INSULAE - JACOB UTELIEMINGE

1111441 141 1114111441 1111111141, 11111 11) (lehem opgelegde 11141111
14111141114411(1417),103;-141111 14 04111111 144114111141, patriarum
0411111114141,4113411141141 14341141 ketterschen augasma 11441411 Serm-
1111111 11441111( (1411111111ος - 41411114 141144ρί11 111 14114111414041·
11111(1418),110114; -141111441 414411-14111411411414414111114114141141111
111 141141114111111 (1418), 108116; - 1111111411 111 141 1141111141 (111141
14341 11 81411111 1111111411 11114184144111414141 het 11341441 04141114
11104111111 (4. 1418), 111111ος - 1114411441113 dier 1111111411 1441 Ρ14114
1’11111,1111111111 111 1141111111, 14 04111111(4. 14181110, 111; - 141441144·
ling dier 1111111411 1441 14141141 14 (141141, 1111141141 (141 Hoogeschool 111
Parus, 14 04111111 (1418), 111·114; - 1411441111 111 11111411 14 04111111
(1419), 116ς -4111111113114441-1111111 111 141 1414411341113111 11144111
8411111141 (14111), 118-1116ς -11141111 1111 Martinus V, 111 111111111111
141411141111341118 3411114111 (1411), 131, 133; - 141141411441141
1111111111 111 Aquileia 111 1111 Martinus V aangaande 114 11111 4111114111
(14111),134,185; - 14141 111141 111111 11114411 (111141), 135( - 4111141111
11 111 1114441341119111 1114411111 8411111141 14 11414141 uitgesproken door
den 1141111141 111 Aquileia (1410), 131, 136ς -bul 111 Μ1111111 V waarbijhij
de 11144 141441141111341 111 1114411111 8411111141, 111144111111411111111(1411),
mm - 1411111141 11141111111111 11444111111141 111 kettervervolgin'g 111
1411411141 1114411111 8411111141 (1411), 141147; - 11414 111 Martinus V, 111
141 11114141 41 11114111111111411 111 11411114 4141 111 1111114411
141141111441411 1141111141(1413),111-153; - 11414 11114111111411141 111
· 1411111141 111141414141111141111 14111 (1421), 114 3 - tweede 11414111141·
141114 (1413), 114, 155; - 11414 111 141 hertog 111 8114141414114141114
31111 (1413),111; - 11411 111 (1411411141 1141111411 111 1141111404111
mom -11411111 141 111111114141111 81111441 4141 111141114111144

· 1111 8111111141 (1414), 110, 161( -11114111114411 841111 Η411111 11114114

1141 14341 141 8411111141111 81111141 Wiggersz. (1543),111,114; - 1144 14141
141 111 4111411111 1111441111 in 111 geding tegen 111 1411411414141141141
1111111 14111111(1517),104·109.

Imm. 114 111111.

J.

11441 01111141, 141144114 1141141, 1441 141 144111114141 11114144 111411·

· jarige gevangenschtp 41 14111111111111111 111411114411441111151(

141, 143.

1144111111111, 411 111 14 11114411111 111 Doorniksche 0441414111, 1114
111111 141 9111111111141(1341),98, 104.

ss ἐῶοοὲἐκ 2911111111, 1411111111 41 1411111 111 111 3411111111 141 11 11441111
, , .

11141 0111111111, 111341441141111 141141, 111341411, met twee 111411
argevaardigden 111 141 magistrat, den Luiksehen inquisiteur Haben
{aiffa 1411 1111141, 41111141 inquisitoriaal 4111114411 in 14 1141111

1 4

 

