BOUGRES - BURGHARDUS 343

Bonam, 1111111111 11111 (12351216), 45, 18 3 — 3199111111 (1111 (131), 34;
-11111111111111 31111111. 1.11111111111(1416),210. 1111111 111131νί.

31111111 (1111191111). 01 Tempelridders 11111111111131 (1111 (111111113
op 1111111( 111 (111 1111111111 1111113 (1307), 593 - (11 Β1311111 111 1111111·
1136111 (1111 11111 ,Iohannes ΧΧ111161111111 111111111113 31111111 (1310),
78, 79 3 - 11311 (11111113111111111111111111111 711111 1111111131 (1111111111
hisschop de 31311111 111 2111111111 (1335), 301, 302 3 - de 0111111111 11111
1111131111 (13491350), 134, 135 3 - de 1111111111 1111111136111 (1374), 146,
147 ; - 1111111113 11 11111111311111111113111111 1111131111 111 (111 1111-
11111111 11111111 ’11111111 (1411), 108 3 - (11 11111111 11111 11 1111111 uit het
1111131111 31111111 (1460), 265 ; - Willem vander ’1111111111 1116111111
over (11 1111111111111 3111111111 111111111131111 (1. 1195), 280, 292; - 11111
anderen 111111111111, 11316111111111111, 1111111111, 3111111111113, 11111111,
1111311111111, 1111111311 1111111111 (1. 1495), 280292; - in het 1111136111
11111 (11 11111111 (1111111111 (1. 1495), 281, 285.

311111-1Ἀιι111. zie 31111( Β111111.

Β11111(1111911).01311111209 0111111111 1111111 1111111111 1111111111( 111
11111111 11 (1111 (1340), 97, 101, 102; -111111 150 andere 0111111111 11 1111111111
(1342133106 3 - 113111111300 (1111111111 11 1111 111111 (1349), 99,106;-
1131111111111116111111111 (1111 stad, (1111111 111 111 1111111111 111 Doornik
31111111 (1349), 00, 111, 112 ;- 11111111111 111111 111 bodo 111 (111111111-
1111 (1111111111 31111111 (1349), 114;- (1131111111 1111111 111111 111 (11
011111111111111 31111111 1113111 11311111 (1468), 266, 267 3 -· (11 3111111111
1111111111 J 11 ’111111111 111111 1111 1111111111 1111111113 (1111111111 111 11111
1111111111 111111111113 11311 (11 11111 (111 Waldenzen (1. 1477), 269-2713-
Η11111111 111 011111, 3131111116, 3111111111111131111111 113111 3161-
111111113 (1491), w 3 - 1131111111111111 1131111111131111131611111111111
(1401), 278 ;- 111111111111111111111111 11111111, 113111311311111113 311111-
1136 1131111111 (1431), 270.

Β1111111(811111111)..1ο11111111111111111 111 (11 81311111 (1111 stad 1311 111,
1111111111 (111 11111111 11 31111111111111311113111111111111 11111 1111111·
1111311111111312), 78, 793 - de (1111111111111111111116(111111161111111111
31311111 111 0111111111 met de Kerk (1310), 79, 80 3 - de (111111 (111 ‘dte-Gu-
(1111111111 1111111 11111111 (11 Β11111111111Β1311111 111) 111111 (111111111111111
11111111 111 (111 Kamerljkschen bisschop (1323), 81-83, 843 -11111116113 en
tienjarige 1111111113111 (111 111111111111111111 ’11111111 111 Β111111
(1411), 193( - 1111111111 naar (1111111111 0. L. Vrouw op (11111111 111111
111111111111111111111111 (1417), 202,203; -111111111111113 111 (loppin de
Scoenmaker‚ omdat 111 1111111111111111 11111 11111111111111111111 (1417),
293 3 -111 1111111 1111111 11111111, (111 (111 1111311111 111 Maria loochende
(1503), 293.

3111111, 111111111111111 (12351236), 47. zie 1113111111.

311111111111111111111Κ111111111,111111111 11 111111111111124 111 (11
1111111111 111111113111 11111111 te 1111111113.

 

