1111111111)Νο - 0011οΡ10111 881

11011, 111011 1011 010 0100 (1235), «ss, 43 ; -110101 0100111 001 11110010
· 0100111001101101010 1010000011110 111010 0110 001101101001 00111001
(1349), 07, 103 3 -01001001450 0100011110 111 11101011 10 11001111 (1340), 00,
106 3 — Maria 0011101111110,001111’10101 101 001 1011011011 1001 (0. 1400), 188.

1011111010 (00011010101101101001000111001 : te 00101011, 010111 001
augustijn Nicolaas 80111111010418), 215.

11111011101111(00090001011]’11010 (1001 do 1011010.) 11001 (110000011110
(1340), 120, 123, 110; - 000100 11010010 (1374), 144,145 3 - (1001 00 1011011010
0011100101 111 001 augustijn Ν1001110 8111111101 10 11001111 0111 ’1 011113·
30100 (0. 1410), 008, 213 3 - 100000110101111100110110101111011010111110
· Doornik (1423), 305.

1111011. 110 00101111 01 (10 1100110101 0011101101001 01010110101001
1101 00101 111100111000010010 1000001ορ 001 001 1111110011111 11001111
010100101 101101 (1423), 248.

1111101111 1111110. 3100001 1011101101 11 ’1 1110011011011(0.11011),0;
-Jacob 0101101 10 11001111( (1355), 142, 143 3 - de priester 11101110 00 0100·
quet te 11001111 (1417), mom - de augustijn 1110010110 8011111101 10
00101111 (1418), 000;-00 0100111001 Matthaeus 0101011 110101 (1419), mm

1101111110 (0100011000), 11111111 111 10101 1001011111 111 10110101
(1418), 207.

1111001011. 110 30111101 0101 1110110 1101 (10 11111 10110010 (1001 00100101
00101111011010111 11110001 als 00101110111300111001 commissarium
den Kamerijksehen bissehop (1310), 70, 80.

1100 (1170001). 1101110000 0000011110 1101110401), 1811100.

1111111011 (9100110100). veel 1011010 110111 (1001 001 1111110111110
(1183), 36, 37 3 -10111010118101 101010301011011101 01001001 300ᾱο100101
31011 Βο1001111 IX (11001100), 37; -1001 1011010 0001 001 1101111001
110101101011110111110 01 3010111010 (12311230), 47 3 - 00 01110010 101113
Philips 1v de Schoone 101 gna! 110110011111 0011110111 om 00 1011101110·
(1010 11 1111 1100100100 10 101101001 (Μ), 51, 52 3 - paus Clemens V 1010011
1010011011001 0101100 11110011301010111111001 der 101001000100 ’1011-
(1011100010 001 00 sm 1101100010 0101 10 111101 (1312), 70, 71 3 - 0010 10100
111 01001001 20 11011101 uit 1010100101 10111 110110 11001111( 30000101
(1340), 09, 106 ;- 1011101110 001 000001111000010 11 1011100101 (1340), 132;
- 00 1101001011 101 31101001ορ (1374), 146,147, 110.

1011111011010101110001). 110 0000011110 110101 (1350), 135.

11010111 (111110 samenwerking 1101 00 1000101011οἱ0 01 00 110010110110 in
00 kettervervolging). Zie 1111101110οο11 1010111 01 1111100111 10111111.

1100111011. 110 10110010 01100101 10111011 11 0031011001010 1101 000100
ἶὶιζιῦρὲωιῐρῖιξιζῗτη 0001100110001001111 (0110111 1011011110 10110101 (1175-
2 2 2 2 ¹

 

