³oe JOHANNES DE VASTINA ·- JOHANNES wAucKIERs

Jomnrms 11 11111111, 11111111 111 11111111, 31111311111 1111111111-
3113 11311 111111118111111111111111111 (1141258259.

11111111 11 11111111, 11111111 111 11111111, procureur 111111 11111111

111111 ’111111 11111111111311113111 1111111111 Serrurier 11 conatam (1418),
214.(Waarschijn1ijk 11111111 1111111 111 111111311111.)

11111111 Fun. 211111 11 111.

11111111 6111111111. Vos, prior 111 91111111111111) Zwolle), 11111131,
111111111111111111111111111 der orde 111 windesheim, de Broedersrtn
111 31111111 11111 11311111111111111113111 11111111· (18951159, 157.

11111111 (1111111, 11111 111111 1111111 11111111, 11111111 en 1111111111
1111111111 te 01111111111111111 1111111 111 11111111111111111 11111
(1418), 215.

11111111 111111111110111111,111311111 11 11 artes. getuige in 1111
acte te Keulen (1409), 197.

11111111 1111111111 (a 1111111), prior 111 1111111111 (blj Arnhem), rer·
111131, met vier andere voorname leden der orde 111 windesheim, de Broe·
ders 111 111 31111111 11111 11311111111111111113111 11111111) (1391),

156, 157.

11111111 Hom, 11111, 1111111 111 111 3111111111 111 11 0111111, 111
31111311131111111 (14221246.

11111111 1111111111 111 1111111111111 111 91111111111 6111111111
(1319), 98, 104.

11111111 1111111111111 111111 (8111111111), magister in 11 m, 3111131
11 11111111 11 1111111 (1409), 191.

11111111 11111111,11·111111,111111111 11 1111111111 notaris (1313), 12.

11111111 111111, 11111, 1111111111 11 1111111111 1111111 111 111 111111
11111111 (1422), 246.

11111111 1111111, 11111, notaris 111 111 3111111111 111 11 11111111, 111
3111131 1131111111 (1422), 216.

11111111 1111111111,111111 11111111 Ψ11111111,1111131 11 1111 111111
1111111 (11091197.

11111111 3111111, 111 3111131 11111111111 1111 acte 111 1111111111
hlj 1111111 (1395), 157, 158.

11111111 111 3111, vicaria der St·Lebuinuskerk 11 91111111, 11111111
111 3111131 11 1111 acto 1111311111 11 81111111 1111111111 111 1113111111
leven (1401), 192.

11111111 1111111111, procureur 111111 1111111111Ρ11111111111 iuret
111111311113111 1111111111 Serrurier (1418), 214.

11111111 1111111111, 111 111 111111111111111111111111111161111
11111 (1349191164.

 

