014 1111011 1111111111 -10111111111

98, 101, 119, 126, 130, 131, 1331-111001101103011 10 00010111010 Gnoso·
11111 (1349), 116, 117.

Ρ11001 1111111111( 01 Molonem, 10111110 Perenne, 01011100 1101111 1001
100 1010111011 11011011 10111101 (1935), 41, 43.

Ρ111100 0111111 (Petrus de 1111000), bissohop 100 Κ1111011111, 1111110101,

⁰ 101001100111010011110111 vander 1101111001 0111011 1030010 31001011 00

2111011100 hot 30110000 10100 1000011111 (0. 1418), 220, 221 ; - roermeestor
100 1011001101 10 001100, 1100101101 101 1100300011001 100 Ρο1111,222.

Ρ11011ι13100,1011101110 30110300011010 10010 101 1111100000 10
11001011( (1460), 904.

“ Promo, bissohop 110 1101101111, 11011 1110 ι0001111111111100 1011, diedo
Β11110110110 Βο3110011 1111110100 (1323), 3133ς -101100111131 1101111111101
(1394), 83-85; -110111110111310100110111111110110110Βο311000 3001 (1324131.

” Ρ1111001111011111,10 0011 1103101 3011101101103 «in 10 0101110· 100-
10003011011 00 101 1111113 1110001111031011111 10100110011(1483), 217.

’ Ρ11111 9100111, 1101110001, 1130111000 1110101111 101111110111011011100101·
1111( Ε11011111(30011011110 province Reims), 00 professor 10 (10 3013010011·
11011,0001111001 110 het 101101301111310300 31011011 111 (1100110110 11001011
(1417), 299, 201, 209 ; -101101311001011011011000131111111 1110011101 sonorior
(14161417), 205, 207, 231 3 -110011 10 10101 101101301103 10 (10011001 111110
procureur (1418), 914.

Ρι1110 111-1110001101, 1101111001 01 10111111011 1011100111, 1001 101
ffiiftgeot 100 1111101 10110011 om 01 1101100100 00 1001010111 op 10 1110101
, .

1111111 Pomm 1111 0110001110, 1011111113 111000011103101111) 1103001
301111110110310100110011 10 0011 (1480), 972.

Ρ111101 Tamo, 10 0001 1103000 3011101101103 1001 1111113 10100 30000101
(1483), 280.

1110111 111 110011111111 111νί0010, 110 111111, 10111113 1110111113·

’ sohap 1103001 1011111101103 10100110οΙ1 10 0001 (1480), 272.

Rumor (10 zolro 0001011011). 11010010011300 100100 0001011101ου
10011130110110 301100 Boutillior († 1335), 185, 130, 137 3 - 140111, rorterio
1101010010 101 9111100100, 10 1111101 op 10 1111011101 301031 (14591491,
261 ; -31110101911330111, 10 ’1 0101001130 (1503), 294.

Ρ1111, 1101101101ιο 10010 (12131936), 47.

Ρω1111, 10101011100101, 11101111 op 10 010010 11011110 11001011,1001101
100 wege 100 hisschop 00 10 300010111111011 0000 proclamatio 0130100111
werd over 1010110110110101010011011 110 000130 0113111110οη (1412110319.

Ρο111111110111111101011 Panium, Ponam, Pononohiorr). Andoro rum
1001 0000010011. ·- Ponitentrr 1101011001 1111 100 1100101100ὴο0 1100111·
1011111101 011111 1114111111, (102, 103, 104, 105, 11011011103001001010111
naam georuikt. Ook bij 100 3030110100 kronijksohr'u'vors 1101011101 Ar&
bury, 110 1100 1010001000οΜ 0001111, 121 3 -Ponamoors 101111 to 9001111

 

