BAL'IEN VIN ZASSEN - BEGIJNEN EN BEGGARDEN 341

τ4484444444114 14 84414444 4414314444 (1481), 878 ; - 11411114 vender Eeke
148441 4444 4111113 14444 (1488), 878, 288( -4411444 (1444141414 (144144441144

jeron (148), 881ς-84114144111334141. 1418444441434, 1444441443411
11411444, 8441444441114414410581), 2811284.

8144144 vnn 214444( 444344411, 41411444 andere 41344444413144 444 (144
4131414441 444 144444, (1441411441144 1444141444 Hubert 144444ᾱί4444

111441, om 44 444 144414144441441411441 14 14 4141144 (1471), 888.

’1 81444444 (8441414,414()’444),444434(14444(1444414111444 41441· (14485888
⁸ 8444414444 4441444144, 44414 788 op 44444 143 14 341111(1848),120.

81444414 nn 1114144414 1141131444 34441441444 (144 443114441444 11444411
441 (1411141144 811114 1414444411 44411111 14 hebben (1428), 247, 848.

Bmvunm. 0444114344 14411441 1488344 over bunne wanrde (1171
1177), 24, 28, 28 3- 44444414414344 141 14444444144 4443444 443414114441134 41
1811444414 14414143441 1144344114 sMoenx te (1441 4444 (14 (1114 Κ4414344
ιο Κ44144 (1814), 142 3 - 4444 (14 81-11414411141441 14 1144441114, 444414 0. L.
Vtonwekerk 14 11434441443 op den 114444, 44441481111441444144114 Ρ44·
toise, 4444 81111444 (114444) 11) Ρ441)4 414 41441144 14 (1441 (1854), 142( -·
naterIaeob 14 84114144 414 41441 14 11444411 (1488),184,1811; -4444144144
Richml (14 844444411411444411 naar (14 0. L. 844444144114 ’4 114414344·
bosch 41 114444 4444 (14 8444114441 14 Β144441 (1417), 888888) - Willem
Dnyker Ysbrnntn. 14 beiden 4444 (144 pane met 1144111 14 114114 (4. 1448),
318, 811 ς-(14 44144144 844444 1144411144 be Doornik 4444 (14 8121414441441
te Rome (4. 1517), 287, 288.

84441141( nn 8444444414. De 1411414414·1431)4 411 11444344444 114434-
rotha Porebe 14 Ρ441)4 44414444 (1318),64,’85; - 4444 Iohannes XXII 4444·
«3131 4444 141 144 4441414414 (144 44411341444134 84311444 411 (1818), 'II-743
s 1144444111144414411,11444144444 11144411, 14144411131 (14 4114441143 (144
114314441444 4444 8144144411 441441444 (14 44411341444134 44444 haar 144,
tot (144 1144144 114341 444 (144 heiligen 1144444444 4444 14 3444 (1318),
74773 - (14441144114441144 443411 (14 1444444144 (1144 4441444 (1818), 76 ; -
11444 Iohannes XXII 1444411 444 (14, 34114414 3444141111414, (14 84444444
44 1441444 444 (144 1144444 Rege! 444 den 14111344 8444414444 414114 444·
444444 met de (1444 Clemens V veroordeelde 141141441411431144444 alle
444441314344 14344 hen te 414144 (1818), 77, 78 ς-(14141144 4444 444141 (14
11431444 4441411441434441 8441441 44444 4144 14441444143 (1318), 78,
78; - (114 444 1114444444 worden met (14 11441 44444444 (1818), 78, ⁸⁰3 -
14144444 XXII 341441 (144 bisschop 444 ,41444111 met een 4414414411 144 344414
(14444411341444134114311444 444114 bisdom (1881), 88, 81 ;- (14 Β44444144114
1143111144 (1444 (14 (1414 4444144444444 444144 Knmerljksohen bissehop 41)·
3441144144 (1888), 81·88;-(114 4411444441 (1444 (144 Kamerljkschen bisschop
bekmehtigd (1324), 8885( -841144444 XXII 3414411144 bissehop 44411411
4141 444 onnon-took ten 344414 (144 44411341444134 8431444 444 114 1144441
(M, &3 - (114 1114441144 44441131 (14 4414444411 411444 (14 Β4311444 444
1444141411, 8111441444, 144444,Τί4444,

111 4444411410824188, 87) - 414441

41144411 (14 84311444 444 1441144444

 

