VERBETERINGEN EN AANVULLINGEN 380

616111166161166116 1161166 et 161116111ἰωί66 161666661116. (1111188116,
PariJ's, 1803.)

De schrijvers (blz. 18) doen 16 recht opmerken, 161166 1111116116 1616616
1611161166666 166 11166111 1666616616616. 166611) 161411, 6161 166 1116661166
166 Ρ611)6 66 166 66116116661166166 1161166, het 3611116166 Willem 16
1161116 6616166611 66 166661611661116 1111661611. 16161166111661666666
16 (116166, 1166166 11611611 1616616611, 116111 1666 Β161161 6161 111) 66616
161616116661 666161611 616 u 16661611661 16 16 161666616166161116666.6
(zie Corptoe 1, 1116. 305, 61616 111325.) - In 1452-1456 1166 166 3161161 6611
16616 6611616661 16 116666 16 de zaak der 66116161611611661666661Ἀ16,
116 1661 (16 Inquisitio 16111661 was geworden. (16611161. 61116166,
1661 ΠΙ, 116. 378.)

stulu 111418, 111. 100.

11661 1666666, die 16 111 61611 6161 161166161163 3616666 hebben 166
, 1161 16116166161166166 166 16 66616 1611161166166 16 1161 6666166166
1161666 6166116616 1510, 1661 ik 6111), 1611666 616616 66616 blj 1161666116·
1166 161 10166611 16 661636666166 661 6161 16116166 166, 1111166116 het
volgend 166616 166 1166161136 hallingsohap getrokken uit 1161 1161116611 Bal·
1166166666166 161661 166 416111 1491:

Lievin 16 11611611 jaer, 616. Ρ61116116 jeghen 16666 1116616 6616 Β66111166
1668661616111666 1111666616 16111) den 66116616666 1116666 611666 116666Ι
1611166611 116611 6616 1661 61)·666 wijve gheseit, 1616661166 666 quade

teve, onnaerdeghe 16116 6616 een quade 66161616 6611616666, 161 zaken 1116
6161666111611 16 11116116 666161 11663116 66161616. u (816166161161 166 (1661,

1611661666, 161. 1111.)

811611 nr 488, bzz. 545.

166161111661 11666661 (16616 6611161 6161611616 16616 ’16616666 611
ἑιὲ811611111ἐ11ἑ661ἱ141ἐ11666161166116611666116661. 116166, Η161. of 116 166,
, . .

&uk nr 484, 113. 511.

0161 16 61161166 166166661 66 1661166 166 Μ6666166 (1518) lezen wij 666
1111.11661616 (Histoire des envirom de 8111661166, 1661 1, hlz. 318, 311) het
16136616 : a Zellick 11611 666166666661 66616116 1666 16 mairie 16 Μ6161166
61 1161666666 1616116. (111611 11 que, d’ordinaire‚ 66 611661611 1661611·
11166 6661661666 1 mort 166616 6161116. 11 s’y 11661611 6666616666 611616
661666116161166 que 166 6 166666111661661 6116116 61 666 l’on 16661166
6611 61 6166 1616161116, 666 16161616 chapelle 16 8616106166. 16 meme
66666 (1518) ony (1 16111611) 616666 661 666 1666 16 66166 16 166166 166
11666616661, 16 18 6611, 1061616, 61611 61116 6616161116666166166116
1Ἐ66116ι16116, 66 61661661666 66111611 u que 1161116 1611161». 06161611
1611611 11666116 661 1661616111 16 3161161166, 16 10 6611, 66116161 avoir
6616116 langue 166 161 rouge. n

8111116 485, 111. 111.
01611616116611366166 1111166166161616661166 1161611166161166 866616

 

